[element.Si]
shells = [ "3s", "3p", "3d" ]
levels = [ -20.800315425903165, -3.5264076861641520, -3.3208643706317353 ]
slater = [ 2.3371570152493040, 1.5763458252396125, 2.4738420884260743 ]
ngauss = [ 6, 6, 4 ]
refocc = [ 2.0000000000000000E+00, 2.0000000000000000E+00, 0.0000000000000000E+00 ]
shpoly = [ 1.4825308771746826e-1, -8.62884770910867e-2, 3.657238734895316e-1 ]
kcn = [ 0.12480189255541899, -0.010579223058492456, -0.016604321853158677 ]
gam = 2.251140760209364
lgam = [ 0.502801760750610, 0.395446383965421, 1.607202745178966 ]
gam3 = 1.1249948730457175
zeff = 21.35692801920323
arep = 1.0359397134915551
xbond = 0.0000000000000000E+00
en = 2.089192666371941
dkernel = 0.0000000000000000E+00
qkernel = 0.0000000000000000E+00
mprad = 0.0000000000000000E+00
mpvcn = 0.0000000000000000E+00
